 Eigenvectors and eigenvalues of the dynamical matrix
 ----------------------------------------------------
 
 
   1 f  =   13.871251 THz    87.155638 2PiTHz  462.695103 cm-1    57.366902 meV
             X         Y         Z           dx          dy          dz
     -0.000000  1.839380  7.291636    -0.000000   -0.000000    0.627487  
      1.592950  0.919690  5.731731     0.000000    0.000000   -0.531722  
      1.592950  0.919690  8.850154     0.000000    0.000000   -0.565010  
     -0.000000  1.839380 11.890537     0.000000   -0.000000    0.060862  
     -0.000000  1.839380 15.016625     0.000000    0.000000    0.006571  
      1.592950  0.919690 13.452031     0.000000    0.000000   -0.023417  
 
   2 f  =   12.932365 THz    81.256444 2PiTHz  431.377241 cm-1    53.483981 meV
             X         Y         Z           dx          dy          dz
     -0.000000  1.839380  7.291636     0.000000    0.000000    0.043088  
      1.592950  0.919690  5.731731    -0.000000   -0.000000   -0.087131  
      1.592950  0.919690  8.850154    -0.000000   -0.000000    0.029320  
     -0.000000  1.839380 11.890537     0.000000    0.000000   -0.685585  
     -0.000000  1.839380 15.016625     0.000000    0.000000   -0.521887  
      1.592950  0.919690 13.452031    -0.000000   -0.000000    0.497291  
 
   3 f  =   12.430007 THz    78.100035 2PiTHz  414.620377 cm-1    51.406394 meV
             X         Y         Z           dx          dy          dz
     -0.000000  1.839380  7.291636     0.000000    0.000000    0.028553  
      1.592950  0.919690  5.731731    -0.000000   -0.000000   -0.144653  
      1.592950  0.919690  8.850154    -0.000000   -0.000000    0.113965  
     -0.000000  1.839380 11.890537     0.000000   -0.000000   -0.610820  
     -0.000000  1.839380 15.016625     0.000000    0.000000    0.766089  
      1.592950  0.919690 13.452031    -0.000000   -0.000000   -0.072659  
 
   4 f  =   12.061624 THz    75.785420 2PiTHz  402.332466 cm-1    49.882886 meV
             X         Y         Z           dx          dy          dz
     -0.000000  1.839380  7.291636    -0.000000   -0.000000    0.012709  
      1.592950  0.919690  5.731731     0.000000    0.000000   -0.696632  
      1.592950  0.919690  8.850154     0.000000   -0.000000    0.688367  
     -0.000000  1.839380 11.890537    -0.000000    0.000000    0.170855  
     -0.000000  1.839380 15.016625    -0.000000   -0.000000   -0.101479  
      1.592950  0.919690 13.452031     0.000000   -0.000000   -0.034696  
 
   5 f  =   11.260919 THz    70.754444 2PiTHz  375.623829 cm-1    46.571436 meV
             X         Y         Z           dx          dy          dz
     -0.000000  1.839380  7.291636     0.234897   -0.586809   -0.000000  
      1.592950  0.919690  5.731731    -0.203221    0.507676   -0.000000  
      1.592950  0.919690  8.850154    -0.204023    0.509681    0.000000  
     -0.000000  1.839380 11.890537     0.002310   -0.005771    0.000000  
     -0.000000  1.839380 15.016625     0.000531   -0.001327   -0.000000  
      1.592950  0.919690 13.452031    -0.000795    0.001987   -0.000000  
 
   6 f  =   11.260919 THz    70.754444 2PiTHz  375.623829 cm-1    46.571436 meV
             X         Y         Z           dx          dy          dz
     -0.000000  1.839380  7.291636    -0.586809   -0.234897    0.000000  
      1.592950  0.919690  5.731731     0.507676    0.203221    0.000000  
      1.592950  0.919690  8.850154     0.509681    0.204023    0.000000  
     -0.000000  1.839380 11.890537    -0.005771   -0.002310    0.000000  
     -0.000000  1.839380 15.016625    -0.001327   -0.000531    0.000000  
      1.592950  0.919690 13.452031     0.001987    0.000795    0.000000  
 
   7 f  =   10.419761 THz    65.469291 2PiTHz  347.565815 cm-1    43.092684 meV
             X         Y         Z           dx          dy          dz
     -0.000000  1.839380  7.291636    -0.001859    0.004643    0.000000  
      1.592950  0.919690  5.731731     0.002366   -0.005911   -0.000000  
      1.592950  0.919690  8.850154    -0.000581    0.001451    0.000000  
     -0.000000  1.839380 11.890537     0.229587   -0.573544   -0.000000  
     -0.000000  1.839380 15.016625     0.223262   -0.557744   -0.000000  
      1.592950  0.919690 13.452031    -0.188523    0.470960    0.000000  
 
   8 f  =   10.419761 THz    65.469291 2PiTHz  347.565815 cm-1    43.092684 meV
             X         Y         Z           dx          dy          dz
     -0.000000  1.839380  7.291636     0.004643    0.001859   -0.000000  
      1.592950  0.919690  5.731731    -0.005911   -0.002366    0.000000  
      1.592950  0.919690  8.850154     0.001451    0.000581   -0.000000  
     -0.000000  1.839380 11.890537    -0.573544   -0.229587   -0.000000  
     -0.000000  1.839380 15.016625    -0.557744   -0.223262    0.000000  
      1.592950  0.919690 13.452031     0.470960    0.188523    0.000000  
 
   9 f  =    8.704718 THz    54.693357 2PiTHz  290.358132 cm-1    35.999833 meV
             X         Y         Z           dx          dy          dz
     -0.000000  1.839380  7.291636     0.002063   -0.005155   -0.000000  
      1.592950  0.919690  5.731731    -0.017279    0.043165    0.000000  
      1.592950  0.919690  8.850154     0.017347   -0.043336   -0.000000  
     -0.000000  1.839380 11.890537    -0.259845    0.649138   -0.000000  
     -0.000000  1.839380 15.016625     0.264518   -0.660812    0.000000  
      1.592950  0.919690 13.452031    -0.003474    0.008679   -0.000000  
 
  10 f  =    8.704718 THz    54.693357 2PiTHz  290.358132 cm-1    35.999833 meV
             X         Y         Z           dx          dy          dz
     -0.000000  1.839380  7.291636     0.005155    0.002063    0.000000  
      1.592950  0.919690  5.731731    -0.043165   -0.017279   -0.000000  
      1.592950  0.919690  8.850154     0.043336    0.017347    0.000000  
     -0.000000  1.839380 11.890537    -0.649138   -0.259845   -0.000000  
     -0.000000  1.839380 15.016625     0.660812    0.264518   -0.000000  
      1.592950  0.919690 13.452031    -0.008679   -0.003474   -0.000000  
 
  11 f  =    8.364738 THz    52.557197 2PiTHz  279.017606 cm-1    34.593787 meV
             X         Y         Z           dx          dy          dz
     -0.000000  1.839380  7.291636     0.001529   -0.003820    0.000000  
      1.592950  0.919690  5.731731    -0.261752    0.653893    0.000000  
      1.592950  0.919690  8.850154     0.262651   -0.656139    0.000000  
     -0.000000  1.839380 11.890537     0.017971   -0.044895    0.000000  
     -0.000000  1.839380 15.016625    -0.016707    0.041736    0.000000  
      1.592950  0.919690 13.452031    -0.002009    0.005019    0.000000  
 
  12 f  =    8.364738 THz    52.557197 2PiTHz  279.017606 cm-1    34.593787 meV
             X         Y         Z           dx          dy          dz
     -0.000000  1.839380  7.291636    -0.003820   -0.001529    0.000000  
      1.592950  0.919690  5.731731     0.653893    0.261752   -0.000000  
      1.592950  0.919690  8.850154    -0.656139   -0.262651   -0.000000  
     -0.000000  1.839380 11.890537    -0.044895   -0.017971   -0.000000  
     -0.000000  1.839380 15.016625     0.041736    0.016707   -0.000000  
      1.592950  0.919690 13.452031     0.005019    0.002009   -0.000000  
 
  13 f  =    1.157874 THz     7.275140 2PiTHz   38.622535 cm-1     4.788586 meV
             X         Y         Z           dx          dy          dz
     -0.000000  1.839380  7.291636    -0.000000    0.000000    0.606948  
      1.592950  0.919690  5.731731    -0.000000    0.000000    0.353410  
      1.592950  0.919690  8.850154    -0.000000    0.000000    0.338392  
     -0.000000  1.839380 11.890537     0.000000   -0.000000   -0.213027  
     -0.000000  1.839380 15.016625     0.000000   -0.000000   -0.227597  
      1.592950  0.919690 13.452031     0.000000   -0.000000   -0.543162  
 
  14 f  =    0.645147 THz     4.053578 2PiTHz   21.519788 cm-1     2.668115 meV
             X         Y         Z           dx          dy          dz
     -0.000000  1.839380  7.291636     0.224090   -0.561270   -0.000000  
      1.592950  0.919690  5.731731     0.130610   -0.327133   -0.000000  
      1.592950  0.919690  8.850154     0.127542   -0.319449   -0.000000  
     -0.000000  1.839380 11.890537    -0.081653    0.204512   -0.000000  
     -0.000000  1.839380 15.016625    -0.084422    0.211450   -0.000000  
      1.592950  0.919690 13.452031    -0.200380    0.501884   -0.000000  
 
  15 f  =    0.645147 THz     4.053578 2PiTHz   21.519788 cm-1     2.668115 meV
             X         Y         Z           dx          dy          dz
     -0.000000  1.839380  7.291636     0.561270    0.224090    0.000000  
      1.592950  0.919690  5.731731     0.327133    0.130610    0.000000  
      1.592950  0.919690  8.850154     0.319449    0.127542    0.000000  
     -0.000000  1.839380 11.890537    -0.204512   -0.081653    0.000000  
     -0.000000  1.839380 15.016625    -0.211450   -0.084422    0.000000  
      1.592950  0.919690 13.452031    -0.501884   -0.200380    0.000000  
 
  16 f/i=    0.000094 THz     0.000591 2PiTHz    0.003140 cm-1     0.000389 meV
             X         Y         Z           dx          dy          dz
     -0.000000  1.839380  7.291636    -0.484792   -0.011940   -0.000000  
      1.592950  0.919690  5.731731    -0.280270   -0.006903   -0.000000  
      1.592950  0.919690  8.850154    -0.280272   -0.006903   -0.000000  
     -0.000000  1.839380 11.890537    -0.280215   -0.006901   -0.000000  
     -0.000000  1.839380 15.016625    -0.280223   -0.006902   -0.000000  
      1.592950  0.919690 13.452031    -0.670986   -0.016526   -0.000000  
 
  17 f/i=    0.000094 THz     0.000591 2PiTHz    0.003140 cm-1     0.000389 meV
             X         Y         Z           dx          dy          dz
     -0.000000  1.839380  7.291636     0.011940   -0.484792   -0.000000  
      1.592950  0.919690  5.731731     0.006903   -0.280270   -0.000000  
      1.592950  0.919690  8.850154     0.006903   -0.280272   -0.000000  
     -0.000000  1.839380 11.890537     0.006901   -0.280215   -0.000000  
     -0.000000  1.839380 15.016625     0.006902   -0.280223   -0.000000  
      1.592950  0.919690 13.452031     0.016526   -0.670986   -0.000001  
 
  18 f/i=    0.000161 THz     0.001014 2PiTHz    0.005383 cm-1     0.000667 meV
             X         Y         Z           dx          dy          dz
     -0.000000  1.839380  7.291636     0.000000    0.000000   -0.484810  
      1.592950  0.919690  5.731731     0.000000    0.000000   -0.280285  
      1.592950  0.919690  8.850154     0.000000    0.000000   -0.280283  
     -0.000000  1.839380 11.890537     0.000000    0.000000   -0.280349  
     -0.000000  1.839380 15.016625     0.000000    0.000000   -0.280357  
      1.592950  0.919690 13.452031     0.000000    0.000001   -0.671301  
 

 ELASTIC MODULI CONTR FROM IONIC RELAXATION (kBar)
 Direction    XX          YY          ZZ          XY          YZ          ZX
 --------------------------------------------------------------------------------
 XX        -209.0277   -140.3710   -493.9890      0.0000     -2.1009      0.0000
 YY        -140.3710   -209.0277   -493.9890      0.0000      2.1009     -0.0000
 ZZ        -493.9890   -493.9890  -1425.9513      0.0000     -0.0000      0.0000
 XY           0.0000      0.0000      0.0000    -34.3283     -0.0000     -2.1009
 YZ          -2.1009      2.1009     -0.0000     -0.0000   -691.8738      0.0000
 ZX           0.0000     -0.0000      0.0000     -2.1009      0.0000   -691.8739
 --------------------------------------------------------------------------------



--------------------------------------------------------------------------------------------------------


  LATTYP: Found a hexagonal cell.
 ALAT       =     3.1858999729
 C/A-ratio  =     7.8495871285
  
  Lattice vectors:
  
 A1 = (   3.1858999729,   0.0000000000,   0.0000000000)
 A2 = (  -1.5929499865,   2.7590703105,   0.0000000000)
 A3 = (   0.0000000000,   0.0000000000,  25.0079994202)


Analysis of symmetry for initial positions (statically):
=====================================================================
 Subroutine PRICEL returns:
 Original cell was already a primitive cell.
 

 Routine SETGRP: Setting up the symmetry group for a 
